name: keras-flask
channels:
  - conda-forge
  - defaults
dependencies:
  - absl-py=0.7.0=py36_1000
  - backports=1.0=py_2
  - backports.weakref=1.0.post1=py36_1000
  - bleach=1.5.0=py36_0
  - ca-certificates=2018.11.29=ha4d7672_0
  - certifi=2018.11.29=py36_1000
  - h5py=2.9.0=nompi_py36h35dc34b_1102
  - hdf5=1.10.4=nompi_h646315f_1105
  - html5lib=0.9999999=py36_0
  - keras=2.2.4=py36_0
  - keras-applications=1.0.4=py_1
  - keras-preprocessing=1.0.2=py_1
  - libgfortran=3.0.1=0
  - libgpuarray=0.7.6=h1de35cc_1003
  - libprotobuf=3.6.1=hd9629dc_1000
  - mako=1.0.7=py_1
  - markdown=2.6.11=py_0
  - markupsafe=1.1.0=py36h1de35cc_1000
  - mkl_fft=1.0.10=py36h1de35cc_1
  - mkl_random=1.0.2=py36h1702cab_2
  - openssl=1.1.1a=h1de35cc_1000
  - protobuf=3.6.1=py36h0a44026_1001
  - pygpu=0.7.6=py36h917ab60_1000
  - pyyaml=3.13=py36h1de35cc_1001
  - six=1.12.0=py36_1000
  - tensorboard=1.5.1=py36_1
  - tensorflow=1.5.1=py36_0
  - theano=1.0.3=py36_0
  - webencodings=0.5.1=py_1
  - werkzeug=0.14.1=py_0
  - yaml=0.1.7=h1de35cc_1001
  - blas=1.0=mkl
  - intel-openmp=2019.1=144
  - libcxx=4.0.1=hcfea43d_1
  - libcxxabi=4.0.1=hcfea43d_1
  - libedit=3.1.20181209=hb402a30_0
  - libffi=3.2.1=h475c297_4
  - mkl=2019.1=144
  - ncurses=6.1=h0a44026_1
  - numpy=1.15.4=py36hacdab7b_0
  - numpy-base=1.15.4=py36h6575580_0
  - pip=19.0.1=py36_0
  - python=3.6.8=haf84260_0
  - readline=7.0=h1de35cc_5
  - scipy=1.2.1=py36h1410ff5_0
  - setuptools=40.8.0=py36_0
  - sqlite=3.26.0=ha441bb4_0
  - tk=8.6.8=ha441bb4_0
  - wheel=0.32.3=py36_0
  - xz=5.2.4=h1de35cc_4
  - zlib=1.2.11=h1de35cc_3
  - pip:
    - chardet==3.0.4
    - click==7.0
    - flask==1.0.2
    - gevent==1.4.0
    - greenlet==0.4.15
    - idna==2.8
    - itsdangerous==1.1.0
    - jinja2==2.10
    - pillow==5.4.1
    - requests==2.21.0
    - tensorflow-tensorboard==1.5.1
    - urllib3==1.24.1
prefix: /miniconda3/envs/keras-flask

